{
  "nbformat": 4,
  "nbformat_minor": 0,
  "metadata": {
    "colab": {
      "provenance": []
    },
    "kernelspec": {
      "name": "python3",
      "display_name": "Python 3"
    },
    "language_info": {
      "name": "python"
    }
  },
  "cells": [
    {
      "cell_type": "code",
      "source": [
        "#**************************************************************************************************************************************\n",
        "#                                             Singular-Value Decomposition (SVD)                                                      *\n",
        "#                                                                                                                                     *\n",
        "#    This code performs dimensionality reduction using Singular Value Decomposition (SVD) and visualizes the results.                 *\n",
        "#    This code allows for an understanding of how dimensionality reduction affects the data and provides visualizations to aid        *\n",
        "#    in the analysis. It's particularly useful for exploring high-dimensional datasets and understanding the underlying structure.    *\n",
        "#                                                                                                                                     *\n",
        "#**************************************************************************************************************************************"
      ],
      "metadata": {
        "id": "z3KcH0pkTy_R"
      },
      "execution_count": 1,
      "outputs": []
    },
    {
      "cell_type": "code",
      "execution_count": 2,
      "metadata": {
        "id": "5Kr3iJNmTS7H"
      },
      "outputs": [],
      "source": [
        "import numpy as np\n",
        "import pandas as pd\n",
        "import matplotlib.pyplot as plt\n",
        "from sklearn.preprocessing import StandardScaler"
      ]
    },
    {
      "cell_type": "code",
      "source": [
        "class SVD:\n",
        "    @staticmethod\n",
        "    def custom_transpose(matrix):\n",
        "        \"\"\"\n",
        "        Custom implementation of matrix transpose.\n",
        "        \"\"\"\n",
        "\n",
        "        transposed = [[0 for _ in range(len(matrix))] for _ in range(len(matrix[0]))]       # Initialize transposed matrix\n",
        "        for i in range(len(matrix)):                                                        # Transpose the matrix\n",
        "            for j in range(len(matrix[0])):\n",
        "                transposed[j][i] = matrix[i][j]\n",
        "\n",
        "        return transposed\n",
        "\n",
        "    @staticmethod\n",
        "    def custom_eig(cov_matrix):\n",
        "        \"\"\"\n",
        "        Custom implementation of eigenvalue decomposition.\n",
        "        \"\"\"\n",
        "\n",
        "        eigenvalues, eigenvectors = np.linalg.eig(cov_matrix)                               # Compute eigenvalues and eigenvectors using numpy\n",
        "        sorted_indices = np.argsort(-eigenvalues)                                           # Sort eigenvalues and eigenvectors\n",
        "        eigenvalues = eigenvalues[sorted_indices]\n",
        "        eigenvectors = eigenvectors[:, sorted_indices]\n",
        "\n",
        "        return eigenvalues, eigenvectors\n",
        "\n",
        "    @staticmethod\n",
        "    def svd(X, k=None):\n",
        "        \"\"\"\n",
        "        Perform Singular Value Decomposition (SVD) on the input matrix X.\n",
        "\n",
        "        Parameters:\n",
        "          - X (numpy.ndarray): Input matrix of shape (m, n).\n",
        "          - k (int): Number of top singular values to retain for dimensionality reduction. If None, retains all singular values.\n",
        "\n",
        "        Returns:\n",
        "          - U (numpy.ndarray): Left singular vectors of shape (m, k).\n",
        "          - S (numpy.ndarray): Singular values in descending order of shape (k,).\n",
        "          - Vt (numpy.ndarray): Right singular vectors of shape (k, n).\n",
        "        \"\"\"\n",
        "\n",
        "        cov_matrix = np.dot(SVD.custom_transpose(X), X)                                     # Step 1: Compute X^T * X and find its eigenvalues and eigenvectors\n",
        "        eigenvalues, eigenvectors = SVD.custom_eig(cov_matrix)\n",
        "\n",
        "        singular_values = np.sqrt(eigenvalues)                                              # Step 2: Compute the singular values and sort them in descending order\n",
        "        sorted_indices = np.argsort(-singular_values)\n",
        "        singular_values = singular_values[sorted_indices]\n",
        "        eigenvectors = eigenvectors[:, sorted_indices]\n",
        "\n",
        "        Vt = eigenvectors.T                                                                 # Step 3: Compute right singular vectors\n",
        "\n",
        "        if k is None:                                                                       # Step 4: Compute left singular vectors (U)\n",
        "            U = np.dot(X, Vt.T)\n",
        "        else:\n",
        "            U = np.dot(X, Vt.T[:, :k])\n",
        "\n",
        "        S = singular_values / np.linalg.norm(singular_values)                               # Normalize singular values\n",
        "        return U, S, Vt, singular_values, eigenvectors"
      ],
      "metadata": {
        "id": "n-B64uhyUYaY"
      },
      "execution_count": 3,
      "outputs": []
    },
    {
      "cell_type": "code",
      "source": [
        "def banner():\n",
        "    print(\"\"\"\n",
        "\n",
        "\n",
        "***************************************************************************************************************************\n",
        "*                                         Singular-Value Decomposition (SVD)                                              *\n",
        "*                                                                                                                         *\n",
        "*     Singular Value Decomposition (SVD) is a powerful technique in linear algebra used for dimensionality reduction,     *\n",
        "*     feature extraction, and data compression. It decomposes a matrix into three matrices: U, S, and Vt, where:          *\n",
        "*                                                                                                                         *\n",
        "*             - U: Left singular vectors                                                                                  *\n",
        "*             - S: Singular values (diagonal matrix)                                                                      *\n",
        "*             - Vt: Right singular vectors (transposed)                                                                   *\n",
        "*             SVD is particularly useful for analyzing and visualizing high-dimensional data.                             *\n",
        "*                                                                                                                         *\n",
        "*     Usage:                                                                                                              *\n",
        "*             1. Load your dataset into a pandas DataFrame.                                                               *\n",
        "*             2. Extract features and labels from the dataset.                                                            *\n",
        "*             3. Call the 'svd' function with your data matrix X and specify the number of dimensions (k) to retain.      *\n",
        "*             4. Visualize the results using the provided DimensionalityReductionVisualizer.                              *\n",
        "*             5. Experiment with different values of k to find the optimal number of dimensions for your analysis.        *\n",
        "*                                                                                                                         *\n",
        "***************************************************************************************************************************\n",
        "  \"\"\")\n",
        "\n",
        "\n",
        "banner()\n",
        "dataset = pd.read_csv(\"heart_statlog_cleveland_hungary_final.csv\")                        # Load the dataset\n",
        "X = dataset.drop(columns=[\"target\"]).values                                               # Extract features and labels\n",
        "U, S, Vt, singular_values, eigenvectors = SVD.svd(X)                                      # Perform SVD\n",
        "k = int(input(\"\\n---> Enter the value of k for dimensionality reduction: \"))              # Number of dimensions to retain\n",
        "X_reduced = np.dot(X, Vt.T[:, :k])                                                        # Dimensionality reduction\n",
        "\n",
        "print(\"\\n***************************************************************************************************************************\\n\")\n",
        "# Print the results\n",
        "print(\"---> Left Singular Vectors (U):\\n\")\n",
        "print(U)\n",
        "print(\"\\n***************************************************************************************************************************\\n\")\n",
        "print(\"---> Singular Values (S):\\n\")\n",
        "print(S)\n",
        "print(\"\\n***************************************************************************************************************************\\n\")\n",
        "print(\"---> \\nRight Singular Vectors (Vt):\\n\")\n",
        "print(Vt)\n",
        "print(\"\\n***************************************************************************************************************************\\n\")\n",
        "print(\"---> \\nSingular Values:\\n\")\n",
        "print(singular_values)\n",
        "print(\"\\n***************************************************************************************************************************\\n\")\n",
        "print(\"---> \\nEigenvectors:\\n\")\n",
        "print(eigenvectors)\n",
        "print(\"\\n***************************************************************************************************************************\\n\")\n",
        "print(\"---> \\nReduced Dataset:\\n\")\n",
        "print(X_reduced)\n"
      ],
      "metadata": {
        "colab": {
          "base_uri": "https://localhost:8080/"
        },
        "id": "_O-_Uo0MUd0o",
        "outputId": "61570ffd-45be-41b4-bb78-4c546f4fefdb"
      },
      "execution_count": 4,
      "outputs": [
        {
          "output_type": "stream",
          "name": "stdout",
          "text": [
            "\n",
            "\n",
            "\n",
            "***************************************************************************************************************************\n",
            "*                                         Singular-Value Decomposition (SVD)                                              *\n",
            "*                                                                                                                         *\n",
            "*     Singular Value Decomposition (SVD) is a powerful technique in linear algebra used for dimensionality reduction,     *\n",
            "*     feature extraction, and data compression. It decomposes a matrix into three matrices: U, S, and Vt, where:          *\n",
            "*                                                                                                                         *\n",
            "*             - U: Left singular vectors                                                                                  *\n",
            "*             - S: Singular values (diagonal matrix)                                                                      *\n",
            "*             - Vt: Right singular vectors (transposed)                                                                   *\n",
            "*             SVD is particularly useful for analyzing and visualizing high-dimensional data.                             *\n",
            "*                                                                                                                         *\n",
            "*     Usage:                                                                                                              *\n",
            "*             1. Load your dataset into a pandas DataFrame.                                                               *\n",
            "*             2. Extract features and labels from the dataset.                                                            *\n",
            "*             3. Call the 'svd' function with your data matrix X and specify the number of dimensions (k) to retain.      *\n",
            "*             4. Visualize the results using the provided DimensionalityReductionVisualizer.                              *\n",
            "*             5. Experiment with different values of k to find the optimal number of dimensions for your analysis.        *\n",
            "*                                                                                                                         *\n",
            "***************************************************************************************************************************\n",
            "  \n",
            "\n",
            "---> Enter the value of k for dimensionality reduction: 3\n",
            "\n",
            "***************************************************************************************************************************\n",
            "\n",
            "---> Left Singular Vectors (U):\n",
            "\n",
            "[[-3.65263244e+02  1.65026754e+01 -1.99602943e+01 ...  3.62236699e-01\n",
            "  -4.27274908e-02  1.78834047e-01]\n",
            " [-2.84868404e+02 -5.80052661e+01  4.62626715e+00 ... -9.80515990e-01\n",
            "   1.87695225e-01  6.54847671e-02]\n",
            " [-3.22254313e+02  5.66260634e+01  2.65239263e+01 ...  3.26689194e-01\n",
            "  -1.93256514e-01  4.36368606e-01]\n",
            " ...\n",
            " [-2.17439710e+02 -5.46212268e+01  1.66828471e+01 ...  1.84839820e-01\n",
            "   4.21278442e-01  1.64871880e-02]\n",
            " [-3.24389261e+02 -1.71885670e+01 -2.41541643e+01 ... -7.59753739e-01\n",
            "   3.93879220e-01 -5.67143678e-02]\n",
            " [-2.77532431e+02 -5.61888607e+01 -2.47017847e+01 ...  2.09385473e-01\n",
            "  -1.23623185e-02  2.36247128e-01]]\n",
            "\n",
            "***************************************************************************************************************************\n",
            "\n",
            "---> Singular Values (S):\n",
            "\n",
            "[0.97381358 0.21150303 0.07716089 0.03101192 0.00375164 0.00302599\n",
            " 0.00269442 0.00161346 0.00136263 0.00127086 0.0012134 ]\n",
            "\n",
            "***************************************************************************************************************************\n",
            "\n",
            "---> \n",
            "Right Singular Vectors (Vt):\n",
            "\n",
            "[[-1.71345498e-01 -2.35703720e-03 -1.02131969e-02 -4.25580874e-01\n",
            "  -7.63176058e-01 -5.96811524e-04 -2.36198170e-03 -4.54897183e-01\n",
            "  -1.20903219e-03 -2.99986002e-03 -5.12211266e-03]\n",
            " [-2.13554060e-01 -4.07022149e-03 -1.31853825e-02 -5.20733456e-01\n",
            "   6.45889126e-01 -2.29697714e-03 -1.11216290e-03 -5.15565380e-01\n",
            "  -1.37911562e-03 -2.55260898e-03 -6.74946201e-03]\n",
            " [ 2.70393460e-01  3.16094584e-03  1.48898100e-02  6.31510847e-01\n",
            "   1.95311450e-02  2.58087055e-03  2.14474684e-03 -7.26020968e-01\n",
            "   8.26928953e-03  1.30201546e-02  1.06137250e-02]\n",
            " [ 9.21872958e-01  3.83766932e-03  2.60145502e-02 -3.85605270e-01\n",
            "   2.03657873e-03  4.72561603e-03  1.31277054e-02  9.13095667e-03\n",
            "   4.58601479e-03  1.43047594e-02  1.61087659e-02]\n",
            " [ 3.98937608e-02 -7.52221698e-02 -5.11677954e-01  1.24756254e-02\n",
            "   5.29776691e-04 -7.48859563e-03 -9.82398081e-02 -6.01031890e-03\n",
            "  -1.95726854e-01 -7.60192487e-01 -3.23782305e-01]\n",
            " [ 1.32567973e-02 -7.00633173e-02 -7.95458564e-01  6.81395195e-03\n",
            "  -1.15762617e-03 -1.31008289e-03  3.01949126e-01  3.77973053e-03\n",
            "  -7.80044558e-02  5.14076125e-01  2.37709458e-02]\n",
            " [ 1.42925674e-02  9.18673630e-04 -2.01368784e-01 -1.36597144e-03\n",
            "   7.76534869e-04 -2.43089361e-02 -9.47723966e-01  2.04519793e-03\n",
            "   6.94386021e-04  2.43190075e-01  3.64047292e-02]\n",
            " [-8.68846469e-03  2.25325647e-01 -2.10688955e-01 -3.50114797e-03\n",
            "   6.82365680e-04  1.73279644e-01 -3.69739654e-03  5.03600093e-04\n",
            "   2.02790793e-01 -3.01498022e-01  8.61791960e-01]\n",
            " [ 1.72751066e-03  8.37169960e-01 -1.03262078e-01 -1.91934484e-03\n",
            "   4.45689030e-04  4.38690825e-02  1.49599741e-02  8.35733265e-04\n",
            "   4.11386926e-01  2.38219905e-02 -3.41351504e-01]\n",
            " [ 4.78142481e-03 -2.24700798e-01 -7.75359427e-02  2.39505016e-04\n",
            "  -1.01588587e-03 -7.89489679e-01  1.78819573e-02  2.13198610e-03\n",
            "   5.58453082e-01 -8.03317488e-02  3.91469040e-02]\n",
            " [-3.76984279e-04  4.32746386e-01  5.13869246e-02  5.26135627e-04\n",
            "  -8.45461729e-05 -5.86576825e-01  1.59361449e-02 -3.31380461e-03\n",
            "  -6.58239995e-01  1.95014884e-02  1.79142432e-01]]\n",
            "\n",
            "***************************************************************************************************************************\n",
            "\n",
            "---> \n",
            "Singular Values:\n",
            "\n",
            "[10381.30196111  2254.71980742   822.57065708   330.60132532\n",
            "    39.99425355    32.25844911    28.72372191    17.20019322\n",
            "    14.52624841    13.54791893    12.93543441]\n",
            "\n",
            "***************************************************************************************************************************\n",
            "\n",
            "---> \n",
            "Eigenvectors:\n",
            "\n",
            "[[-1.71345498e-01 -2.13554060e-01  2.70393460e-01  9.21872958e-01\n",
            "   3.98937608e-02  1.32567973e-02  1.42925674e-02 -8.68846469e-03\n",
            "   1.72751066e-03  4.78142481e-03 -3.76984279e-04]\n",
            " [-2.35703720e-03 -4.07022149e-03  3.16094584e-03  3.83766932e-03\n",
            "  -7.52221698e-02 -7.00633173e-02  9.18673630e-04  2.25325647e-01\n",
            "   8.37169960e-01 -2.24700798e-01  4.32746386e-01]\n",
            " [-1.02131969e-02 -1.31853825e-02  1.48898100e-02  2.60145502e-02\n",
            "  -5.11677954e-01 -7.95458564e-01 -2.01368784e-01 -2.10688955e-01\n",
            "  -1.03262078e-01 -7.75359427e-02  5.13869246e-02]\n",
            " [-4.25580874e-01 -5.20733456e-01  6.31510847e-01 -3.85605270e-01\n",
            "   1.24756254e-02  6.81395195e-03 -1.36597144e-03 -3.50114797e-03\n",
            "  -1.91934484e-03  2.39505016e-04  5.26135627e-04]\n",
            " [-7.63176058e-01  6.45889126e-01  1.95311450e-02  2.03657873e-03\n",
            "   5.29776691e-04 -1.15762617e-03  7.76534869e-04  6.82365680e-04\n",
            "   4.45689030e-04 -1.01588587e-03 -8.45461729e-05]\n",
            " [-5.96811524e-04 -2.29697714e-03  2.58087055e-03  4.72561603e-03\n",
            "  -7.48859563e-03 -1.31008289e-03 -2.43089361e-02  1.73279644e-01\n",
            "   4.38690825e-02 -7.89489679e-01 -5.86576825e-01]\n",
            " [-2.36198170e-03 -1.11216290e-03  2.14474684e-03  1.31277054e-02\n",
            "  -9.82398081e-02  3.01949126e-01 -9.47723966e-01 -3.69739654e-03\n",
            "   1.49599741e-02  1.78819573e-02  1.59361449e-02]\n",
            " [-4.54897183e-01 -5.15565380e-01 -7.26020968e-01  9.13095667e-03\n",
            "  -6.01031890e-03  3.77973053e-03  2.04519793e-03  5.03600093e-04\n",
            "   8.35733265e-04  2.13198610e-03 -3.31380461e-03]\n",
            " [-1.20903219e-03 -1.37911562e-03  8.26928953e-03  4.58601479e-03\n",
            "  -1.95726854e-01 -7.80044558e-02  6.94386021e-04  2.02790793e-01\n",
            "   4.11386926e-01  5.58453082e-01 -6.58239995e-01]\n",
            " [-2.99986002e-03 -2.55260898e-03  1.30201546e-02  1.43047594e-02\n",
            "  -7.60192487e-01  5.14076125e-01  2.43190075e-01 -3.01498022e-01\n",
            "   2.38219905e-02 -8.03317488e-02  1.95014884e-02]\n",
            " [-5.12211266e-03 -6.74946201e-03  1.06137250e-02  1.61087659e-02\n",
            "  -3.23782305e-01  2.37709458e-02  3.64047292e-02  8.61791960e-01\n",
            "  -3.41351504e-01  3.91469040e-02  1.79142432e-01]]\n",
            "\n",
            "***************************************************************************************************************************\n",
            "\n",
            "---> \n",
            "Reduced Dataset:\n",
            "\n",
            "[[-365.26324412   16.50267544  -19.96029435]\n",
            " [-284.86840393  -58.00526612    4.62626715]\n",
            " [-322.25431301   56.62606338   26.52392632]\n",
            " ...\n",
            " [-217.43970957  -54.62122677   16.68284709]\n",
            " [-324.38926114  -17.18856703  -24.15416435]\n",
            " [-277.53243109  -56.18886068  -24.70178465]]\n"
          ]
        }
      ]
    },
    {
      "cell_type": "code",
      "source": [
        "def pca_plot(X_reduced, dimensions=2):\n",
        "    \"\"\"\n",
        "    Plot PCA based on specified dimensions.\n",
        "    \"\"\"\n",
        "\n",
        "    if dimensions not in [2, 3]:                                                      # Check if the specified dimensions are valid\n",
        "        raise ValueError(\"Dimensions must be 2 or 3 for PCA plot.\")\n",
        "    fig = plt.figure(figsize=(8, 6))                                                  # Create a figure\n",
        "    if dimensions == 2:                                                               # Plot 2D PCA if dimensions=2, otherwise plot 3D PCA\n",
        "        plt.scatter(X_reduced[:, 0], X_reduced[:, 1])\n",
        "        plt.xlabel(\"Principal Component 1\")\n",
        "        plt.ylabel(\"Principal Component 2\")\n",
        "    elif dimensions == 3:\n",
        "        ax = fig.add_subplot(111, projection='3d')\n",
        "        ax.scatter(X_reduced[:, 0], X_reduced[:, 1], X_reduced[:, 2])\n",
        "        ax.set_xlabel(\"Principal Component 1\")\n",
        "        ax.set_ylabel(\"Principal Component 2\")\n",
        "        ax.set_zlabel(\"Principal Component 3\")\n",
        "    plt.title(\"PCA Plot\")\n",
        "    plt.show()\n",
        "\n",
        "\n",
        "\n",
        "pca_plot(X_reduced, dimensions=2)                                                     # Generate and display the plots"
      ],
      "metadata": {
        "id": "n0ZGy_FAUgHg",
        "colab": {
          "base_uri": "https://localhost:8080/",
          "height": 564
        },
        "outputId": "9d1bcf74-55eb-47e0-fbe3-0dda64d36709"
      },
      "execution_count": 5,
      "outputs": [
        {
          "output_type": "display_data",
          "data": {
            "text/plain": [
              "<Figure size 800x600 with 1 Axes>"
            ],
